30
9
1484.444444
1
2
30
12
2127.777778
1
1
29
22
4050
2
1
28
31
3464.444444
2
2
28
12
2070
1
3
28
2
1597.777778
2
2
26
19
1551.111111
2
1
26
16
2641.111111
2
1
26
3
3514.444444
1
3
25
7
2637.777778
1
2
23
4
1674.444444
2
3
23
11
2357.777778
1
1
23
24
1801.111111
1
1
22
8
2168.888889
2
1
21
26
5072.222222
2
1
21
23
3774.444444
2
2
20
17
1885.555556
1
3
19
13
1586.666667
2
2
19
21
2766.666667
2
2
19
14
1744.444444
2
3
19
28
5547.777778
2
1
18
27
1637.777778
1
3
17
10
1236.666667
2
1
17
11
2454.444444
2
3
17
22
4592.222222
1
2
17
16
4346.666667
1
2
16
5
2327.777778
1
3
16
15
1481.111111
2
2
15
20
5415.555556
2
2
15
19
4166.666667
1
3
15
23
3777.777778
2
3
13
18
3938.888889
2
2
13
18
4397.777778
1
1
13
6
2567.777778
2
2
13
30
3625.555556
1
3
9
5
2622.222222
1
3
8
11
2893.333333
1
1
6
24
4600
2
2
6
2
4925.555556
2
1
5
4
1257.777778
2
2
5
16
4268.888889
1
1
5
6
1656.666667
2
1
3
31
1588.888889
2
3
3
9
2242.222222
2
2
3
23
2783.333333
2
1
3
6
4847.777778
1
2
1
18
1884.444444
1
3
1
25
3052.222222
2
2
0
27
1472.222222
2
2
